181565405
181568519
181583155
181591811
181580442
181565640
181565089
181602550
181566053
181573548
181572253
181571245
181542360
181574630
181584845
181543057
181560439
181591451
181503795
181543613
181617445
181616598
181601438
181555030
181532297
181540914
181580694
181572404
181494235
181427217
181586550
181573019
181572604
181521130
181604151
181576443
181547784
181571398
181537273
181564949
181560149
181563418
181566847
179622319
181602414
181601321
181602695
181605126
181493892
181577447
181571420
181542980
181469179
181574373
181568539
181560642
181580196
181583024
181593302
181567278
181603279
181574602
181575930
181593063
181561619
181576268
181561336
181598394
181627739
181476353
181560431
181631818
181630926
181592126
181627858
181627831
181560391
181601064
181607791
181384551
181627553
181600570
181631292
181634308
181560438
181579441
181577580
181634565
181560436
181381829
181603736
181635093
181624978
181565396
181604005
181604442
181627321
181627200
181494856
181605284
181628385
181627396
181599124
181632239
181634550
181630037
