180780542
180699799
180782787
180756472
180785430
180769571
180787496
180787595
180794747
180807653
180804852
180789694
180794206
180764195
180798065
180799033
180761523
180627598
180783364
180786697
180778359
180781261
180804893
180803332
180777929
180773830
180760462
180780736
180667641
180798330
180788838
180808260
180808641
180822345
180774389
180808224
180820684
180824842
180826567
180774227
180804200
180806146
180715720
180804880
180358186
180808858
180772312
180799416
180789713
180144281
180576347
180757171
180448489
180782591
180776953
180806650
180699542
180774417
180824332
180796438
180772663
180831362
180770460
180796057
180818467
180783848
180649592
