180027247
180056702
180058605
180026952
180053419
180046665
180031629
180046925
180058262
180056880
180030355
180055198
180054202
180036797
180034275
179963442
180033738
180055700
180056977
180055409
180000676
179995601
180040794
180048278
180060453
180057282
180040798
180066967
180037990
180046939
180062098
180054470
180017748
180033290
180053583
180035553
179960893
180053612
179961721
179961500
179961863
179960611
180061999
180068650
180064670
180077083
180080572
180080357
180068513
180066993
180060462
180072912
180072139
180075328
180058520
180076439
180053354
180059994
180056934
180082548
180074185
180076062
180068502
180056692
179969192
180078026
180075995
180056775
