181459757
181481726
181441822
181440210
181467411
181449627
181444299
181436079
181440257
181444335
181452607
181474086
180481580
181456033
181459863
181296479
181341299
181435350
181295107
181442846
181446203
180635558
181448283
181434998
181428756
181455096
181469779
181251006
181471701
181470971
181470213
181477648
181467431
181437508
181450350
181431212
181450353
181434442
180838160
181426507
177893534
181311896
181441895
181410292
181410492
181469887
181438247
181476526
181449336
181408980
181444284
181439811
181443792
181394324
181435705
181480893
181478637
181476777
181471783
181471440
181467511
181506322
181501196
181435700
181465252
181447385
181390178
181506149
181477478
181476961
181452594
181467192
181477459
181480522
181465328
181480507
181505208
181493247
181441699
181468219
181467227
181472028
181472369
181469844
181468130
181435713
180833684
181427347
181479680
181472750
181500509
181461757
181510035
181504900
181467512
181503119
181465354
181466446
181467315
181508666
181509910
181157739
181504423
181468320
181415638
181480766
181474303
181472903
181465243
181315315
181471612
181514051
181470642
181507104
181476449
181509389
181504731
181439739
181414638
