179366699
179342127
179364478
179360072
179300408
179262002
179341394
179327449
179287265
179359606
179349670
179311903
179325541
179308339
179315705
179354717
179357268
179298169
179259446
179290447
179292307
179349429
179329755
179351332
179353796
179331823
179250308
179352741
179357717
179310948
179347288
179308628
179310746
179355972
179355654
179123970
179308072
179338004
179364654
149942426
179356909
179331806
179308793
179285340
179343038
179329601
179319080
179363919
179357847
179329687
179348680
179302731
179308119
179141445
179349574
179318791
179314756
179363083
179333314
149949696
179319812
179317757
179333185
179322747
179342739
179309454
179308121
179360343
179347981
179297348
179341915
179353738
179335289
179287908
179356326
179220149
