182492492
182662430
182492491
182492474
182596886
182655399
182655234
182630891
182662315
182492476
182547344
182662682
182674926
182679182
182649700
182648952
182643022
182662160
182674909
182662184
182675036
182657408
182678226
182656930
182655566
182548924
182674986
182658156
182641206
182678363
182653384
182657363
182696869
182507513
182685876
182688522
182678115
182604644
182676214
182659557
182602185
182688728
182632014
182677581
182678012
182678011
182657174
182688450
182533311
182685347
182699584
182677179
182677993
182679610
182685606
182633776
182693081
182670166
182586682
182664749
182490840
182676361
182696210
