180026531
180115108
180202858
180098441
180176023
180179778
180199026
180199842
180200051
180205640
180205324
180181419
180201865
180181510
180184775
180215143
180132992
180162345
180161911
180155070
180162029
179884784
180198320
180133361
180171201
180193163
180169098
180151214
180153655
180204648
180202547
180202701
180198150
180235881
180218706
180234929
180236996
180196452
180157383
180229480
180226241
180174985
180229298
180203965
180241325
180032252
180133321
180223626
180217120
180201912
180157359
180215387
180158108
180241034
180136251
180192731
180080344
180157352
180198863
180231203
180236905
180225326
180243878
180223845
