182615325
182514965
182614139
182630779
182627494
182501848
182616517
182626331
182626512
182630011
182626278
182571549
182627944
182490678
182598191
182453978
182614467
182599086
182616123
182615997
182612868
182576987
182291331
182610922
182616924
182610921
182631456
182568990
182626467
182588444
182603644
182623756
182618151
182490688
182621802
182643999
182630837
182629011
182561692
182642702
182586799
182603779
182178863
182648910
182447438
182610168
182574089
181940602
182651965
182626193
182625570
182625573
182643190
182628844
182631211
182626626
182633672
182617241
182634089
182628967
182626547
182633550
182638220
182649837
182637576
182629193
182504926
182627245
182631422
182628656
182627324
182654023
182580065
182643287
182615437
182643044
182642792
182631913
182610947
182631831
182628826
182601326
182629914
182619164
