180975822
180973941
180543700
180947859
180880496
180880672
180805453
180978777
180937983
180951181
180878104
180943407
180832440
180941983
180941640
180850355
180969993
180970166
180970288
180965173
180834141
180976904
180970227
180953124
180950275
180970220
180911763
180962336
180933176
180944903
180797346
180985516
180832493
180610312
180962594
180962551
180947497
180991591
180952544
180998320
180997954
180756416
180991871
180985306
180966028
180984891
180988214
180833671
180983422
180994672
180998114
180975414
180976503
180883077
180970445
180965192
181000906
180999200
180990351
180937981
180984321
180961685
180834636
180994517
180965421
181001136
180966991
180980003
180687012
180833761
181000798
180995795
181000539
180978034
180979189
180999414
180982991
181004073
180961439
180966308
181004513
180988631
181001147
181005107
180993320
180999904
180930105
180955422
180978788
180974763
180986820
180999490
181003251
180992614
180988881
180941014
181003078
181006587
180964351
181005213
181003017
181001710
