181970524
181969178
181966126
181948754
181836744
181901625
181973895
181964860
181902236
181970186
181946419
181955291
181974121
181934464
181953788
181948441
181967081
181784338
181914613
181950535
181968950
181969468
181960370
181971223
181962450
181968517
181949336
181972152
181979274
181952170
181946526
181966979
181979004
181950586
181915118
181943180
181917793
181995146
181973951
181973995
181889959
181959331
182010495
181962586
181968625
181904499
181974062
181766346
182007953
181975310
181960709
181992979
181993968
181986387
181973305
181974917
181856585
181863674
181972652
181994247
181904503
181942604
181962454
181971286
181934283
181904505
181973461
181971482
181966118
181962932
181810805
181872566
181954245
181984597
181990525
181980097
182000572
181970019
181973947
181938913
