183088610
183122411
182911444
182911369
182911446
183114572
183110549
183115224
183091062
183108960
183105012
183072852
183085129
183108329
183124857
183109710
183126756
183101807
183093213
183117113
183099811
183096168
183055349
182981927
183110074
183083997
183102892
183106698
183103984
183100157
183109943
183109206
183127549
183112290
183125342
183108071
183110527
183136637
183099524
183126050
183137468
183112933
183130199
183134350
183136058
183123847
183067059
183128459
183124714
183125798
183125011
183125271
183114324
183059520
183114521
183133657
183134206
183115438
183112209
183136100
183127334
183128545
183127533
183119260
183128601
183128626
183108876
183104313
