180243863
180239285
180268423
180218785
180156690
180266420
180268505
180244178
180270366
180237203
180182989
180207098
180253425
180214884
180236634
180250835
180228272
180232668
180254011
180202031
180233670
155019333
180053498
180178492
180241695
180115834
180242665
180271346
180133103
180238865
180229490
180231605
180198662
180245691
179978176
180243394
180214637
180233604
180113490
180213869
180233762
180250583
180168107
180246948
180167397
180272600
180238832
180276922
179432586
180247020
180203287
180252774
180232740
180278669
180231693
180163540
180225956
180274584
180222149
180145990
180200039
180239398
180242022
180270673
180286585
180276519
179818952
180287737
180255794
180284743
180225980
180292184
180288091
180168625
180167137
180294761
180271042
