182407509
182343752
182397415
182319485
182336323
182313646
182389451
182379867
182397848
182338493
182311091
182387048
182386654
182383067
182311012
182423940
182423785
182402340
182421143
182330488
182415314
182308416
182337848
182337849
182422517
182337909
182359687
182389648
182387965
182416145
182368507
170440989
182430944
182422483
182444072
182423033
182427139
182286754
182309480
182444594
182434505
182438608
182369187
182443288
182446515
182338902
182420023
182440896
182415764
182350485
182422507
182419609
182383850
182416659
182429361
182417342
182435993
182412177
182447793
182428558
182430414
182401772
182287898
182433868
182423745
182274024
182344690
182441015
182449811
182441596
182428159
182436310
182421705
182436033
182437320
182252534
182399567
182433745
