182497123
182368117
182454437
182477676
182469132
182332317
182495381
182493726
182460270
182489058
182502278
182498617
182494257
182489131
182454750
182396580
182316585
182455614
182452349
182487508
182446944
182466454
182460327
182486778
182486414
182100061
182442823
182121229
182454045
182495799
182456024
182359760
182456518
182452917
182469117
182420600
182488905
182458691
182420605
182420603
182454575
182488143
182454695
182269572
182505020
182496538
182454747
182420595
182189465
182457574
182459393
182461072
182473647
182458741
182287456
182495537
