182858964
182915268
182940125
182940024
182936283
182924639
182822072
182884036
182952291
182960233
182901083
182922282
182082288
182925628
182939142
182936573
182939046
182939464
182919117
182875259
182945066
182858934
182909076
182858932
182931874
182950953
182948382
182959502
182803893
182933373
182936421
182936004
182923919
182938268
182957664
182933352
182987410
182966734
182962291
182980485
182830932
182960112
182963885
182942881
182980541
182981356
182962376
182981239
182980942
182975364
182953314
182980848
182975186
182975402
182953078
182940809
182974399
182961055
182962581
182775960
182957494
182988097
182963878
182981143
182981582
182815128
182980532
182987987
182980871
182951222
182980457
182933479
182980956
182964490
182925818
