180158335
180374351
180297824
180331969
180351174
179954210
180378199
180385108
180391791
180386317
180364921
180103626
180391192
180385528
180366448
180363554
180364343
180359697
180363450
180362320
180359559
180388111
180229712
180351119
180373766
180388392
180352534
180346493
180352015
180369197
180292002
180367076
180360958
180352792
180363407
180132370
180363364
180363288
180351629
180358855
180345070
180114946
180369061
180350655
180384619
180376118
180409721
180331906
180369387
180376690
180420735
180397054
180418478
180382418
180367629
180357131
180361631
180357159
180404963
180394940
180385080
180403673
180384709
180410940
180407356
180372063
180395583
180394011
180348031
180410062
180421959
180357090
180397142
180382221
180419162
180357069
180366850
180409280
180392631
180357125
180394216
180423497
180393701
180404056
180421298
180352217
180166146
180271381
180433217
180423292
180415401
180418476
180342006
180393837
180402644
180359955
180426099
180395637
180423287
180394847
180342271
180419219
180421813
180431149
180414840
180432890
180381911
180423235
180419260
180072706
180357541
180427356
180423295
180397748
180426147
180428888
180423194
180403564
180421150
