180519954
180520603
180540154
180520028
180272845
180488728
180543647
180368973
180533658
180531515
178839080
180489179
180525314
180502239
180521917
180420470
180481114
180484822
180521128
180478594
180301083
180103510
180510776
180514559
180512934
180521085
180431224
180478537
180514935
180529077
180430154
180432759
180543838
180352516
180513271
180540079
180543489
180541488
180542475
180540116
180551988
180552119
180550878
180388919
180548698
180540075
180560021
180494443
180552510
180544082
180466079
180552830
180535973
180558533
180559205
180543853
180537350
180570557
180549318
180552900
180543650
180543770
180552808
180552886
180354791
180564879
180543717
180544408
180542610
180559095
180567815
180395214
180543843
180574824
180542930
180581561
180582295
180589469
180580233
180582412
180585002
180585400
180236736
180584135
180550718
180549195
180581324
180581225
180575791
180576967
180559304
180559482
180589991
180581271
180564931
180543019
180579151
180547154
180540020
180238549
180589731
180581755
180526752
180555855
180573545
180565408
180573425
180541933
180577149
180575302
