182859237
182840934
182848382
182774780
182835189
182854863
182850468
182844498
182761588
182827714
182801568
182848739
182801564
182801565
182841025
182823234
182832204
182811407
182823193
182683365
182829093
182847734
182848506
182710341
182825564
182849632
182841756
182801570
182825082
182808822
182768648
182679248
182850729
182792511
182696346
182855260
182854291
182842214
182840155
182846213
182841566
182846534
182845721
159854323
182835059
182704125
182855645
182851408
182850913
182850957
182841099
182839584
182685803
182837680
182848881
182849698
182827960
182848324
182829322
182852303
182874479
182873227
182854904
182847948
182868266
182684945
182826288
182810948
182841387
182785075
182860269
182803881
182862226
182856554
182856035
182875835
182855489
182831575
182869962
182872867
182822756
182822038
182353885
182709140
182864259
182843517
182841515
181710657
182849139
182868536
