179964039
179964334
179909683
179963983
179967509
179969428
179973076
179823021
179973395
179972794
179972098
179975414
179967664
179983951
179855198
179974907
179969465
179969201
179964275
179773466
179957490
179963239
179971316
179970401
179970027
179972347
179960529
179958763
179360864
179958808
179969152
179951552
179965198
179914905
179946952
179948350
179984362
179965804
179970779
179993235
179958833
179969909
179972378
179906308
179999499
179884373
179905477
179967266
179820939
179959496
179970306
179999609
179999828
179956169
178396462
179955137
179956721
179958687
179979880
180009441
180009188
180009781
179976155
179888604
179997860
179993062
179727781
179951659
179500798
180011160
179964047
179984632
179958891
179959161
180010668
179919326
180024756
179958734
179952272
179970611
179996424
179958870
179993150
179873825
180014885
180024759
180012401
179896421
179952916
179905593
179980247
179982386
180011094
180017496
179989753
179991985
179775024
179995689
180013428
179976393
180007764
180009348
179970122
179993344
179992292
180005270
180018539
180028736
180031128
179812546
180022831
180023400
180026274
180011837
179993331
180028012
180009179
180028455
180032096
180032090
180030794
180032257
179989730
179836474
180028667
179934479
180012714
180022982
180028021
180008555
180008550
180024641
179978499
179954341
179905960
180028508
180010972
179999380
180031179
180031136
179982215
179989982
180030063
