179532555
179531781
179530534
179499166
179511751
179530850
179553317
179530317
179530216
179524612
179452391
179555270
178990490
179529903
179490808
179530372
179484832
179521869
179535954
179530485
179527991
179499578
179424454
179498500
179535714
179531479
179538304
179489155
179207440
179532607
179553823
179552517
179459018
179544471
179529153
179512190
179549843
179471858
179535012
179542638
179499494
179358842
179533452
179500239
179530260
179506201
179551195
179508105
179366510
179451005
179564704
179555336
179555713
179554128
179528777
179496077
179560881
179555736
179252304
179565599
179563059
179540082
179567387
179438954
179561192
179566630
179569643
179569504
179538256
179554262
179555496
179506904
179469661
179510634
179562519
179533613
179496066
179530328
179561683
179554119
179562797
179410075
178045417
179565240
179540133
179445316
179496060
179540778
179555681
177842241
179560949
