181185989
181210073
181174573
181210950
181199675
181188813
181210871
181187407
181169139
181183286
181183121
181208389
181199719
181163191
181211898
181210247
181210441
181006092
181187110
181170288
181197987
181201467
181186069
181201423
181199766
181022439
181204371
181127182
181193669
181209543
181111779
181106221
181209582
181140938
181200090
181211469
181186016
181210730
181200604
181161713
181202268
181170436
181210733
181185003
181146073
181211199
181173296
181178786
181211512
181213291
181067368
181214461
181211074
181123796
181211593
181172527
181137152
181168756
181167264
181209845
181144085
181195826
