182900708
182860846
182884478
182875681
182872470
182849177
182748211
182874674
182906155
182874555
182908252
182858329
182749507
182907599
182790874
182173638
182737575
182887742
182847266
182867875
182808456
182906081
182776139
182907092
182880186
182879812
182775881
182867090
182902430
182902532
182906039
182901527
182860593
182808484
182901508
182911781
182911663
182907563
182808927
182907323
182911746
182933722
182914260
182900800
182900725
182936475
182933360
182916664
182912862
182913833
182908387
182924322
182925142
182906164
182888121
182925575
182079435
182933314
182909546
182901422
182918313
182841803
182856463
182908311
182911644
182911645
182905122
182911646
182913505
182909522
182911647
182932819
182905714
182888296
182908545
182904106
182791422
182900224
182762296
182911432
182911797
182837277
182911835
182932966
182869169
182925596
182901321
182903668
182901885
182933536
182887774
