179451966
179451360
179366538
179452412
179287581
178828726
179439686
179471608
179459682
179438717
179483888
179467476
179401067
179480256
179425766
179468298
179468177
179452369
179451958
179468291
179452885
179343443
179365294
179467565
179467641
179467722
179467524
179452636
179447682
179390341
179452033
179477774
179453440
179436952
179431092
179452590
179409602
179449381
179241576
179468224
179424933
179432516
179460506
179029880
179445733
179469565
179448201
179467942
179427658
179497883
179366379
179361244
179457505
179496936
179431298
179494159
179464227
179491218
179469339
179487881
179437709
179467559
179486359
179332125
179423343
179496026
179466131
179418676
179431325
179431320
179493556
179411042
179501803
179396462
179449494
179499791
179466756
179485856
179488027
179480763
179510943
179493562
179490592
179502540
179369005
179507013
179514467
179493843
179490697
179309924
179491539
179490801
179504601
179489568
179510181
179506311
179510238
179497798
179480219
179493372
179513445
179456886
179497737
179309019
179365339
179211787
179496844
179514570
179514299
179497690
179504679
179501983
179379804
