181560078
181727367
181694233
181728911
181693088
181726913
181647244
181642037
181707838
181661237
181681756
181701618
181712172
181719484
181717314
181630042
181720287
181694418
181693208
181721210
181713815
181704455
181694545
181731752
181705344
181602521
181694482
181664751
181720718
181680594
181637965
181735082
181711343
181664818
181642209
181710257
181667170
181721122
181630434
181705073
181707472
181656743
181753234
181744381
181753612
181753857
181735800
181755098
181640555
181756264
181734596
181755112
181714940
181740734
181718405
181756093
181677776
181722124
181587219
181742693
181759401
181754350
181702219
181686004
181715586
181735085
181739279
181738295
181719302
181742029
181743635
181745433
181743355
181741012
