181110427
181104021
181052954
181089284
179723438
181106561
181110605
181026102
181088178
180885743
181064267
180978398
181087960
181026183
181064185
181108521
181121900
181033531
181084616
181108777
181100030
180998277
181108616
181020075
181111506
181031205
181066255
181089551
180978940
180740053
181082889
181106443
181109858
181130471
181127383
181129088
181126076
181097548
181125720
181124717
181064026
181123904
181131629
181130539
181111771
181131505
181134971
181110225
181137525
181137816
181132545
181107407
181123271
181064253
181123974
181010665
181105445
181108677
181139594
181064018
181036455
181137352
181112058
181111743
181139714
