179637254
179637077
179639414
179633350
179637230
179642400
179633693
179649976
179647998
179640507
179625365
179649771
179649776
179627463
179650693
179652234
179636887
179632600
179633636
179640556
179634196
179633580
179640430
179635783
179639066
179640537
179627118
179589655
179649607
179632959
179650383
179633501
179625150
179649284
179632930
179635526
179641138
179633231
179366652
179676083
179652053
179664418
179649914
179366613
179653765
179650451
179671631
179664175
179630005
179653825
179649371
179665732
179639920
179617654
179664146
179668742
179647843
179657013
179658564
179649009
179649328
179664449
179604654
179651972
179675760
179654149
179673224
179673201
179676514
179649686
179671109
179664084
