180893009
180889488
180923524
180863890
180881020
180909879
180718999
180743083
180906475
180918427
180911378
180876941
159854323
180891227
180927779
180889457
180904579
180927656
180896709
180883053
180917199
180877841
180854204
180896164
180909155
180899578
180916712
180884829
180895994
180903572
180911801
180832492
180926919
180918774
180948709
180912148
180943727
180832469
180832468
180872280
180935622
180931740
180942339
180943702
180933129
180942176
180943261
180877809
180939261
180887396
180940808
180784095
180930043
180934188
180911243
180935554
180936945
180937319
180931950
180860738
180832495
180934902
180832475
