183527277
183479829
183506014
183522220
183526661
183519294
183508118
183518875
183540202
183543950
183221911
183538366
183221912
183529141
183537319
183511920
183551131
183500544
183512001
183515231
183558727
183531700
183508934
183504174
183542724
183536480
183538268
183515385
183508780
183515307
183514779
183553509
183513366
183224791
183528154
183506980
183512708
183527506
183526699
183540239
183543149
183529809
183515295
183504728
183522819
183439997
183534111
183221928
183514888
183515811
