183231997
183217808
183177823
183211865
183206636
183225237
183208372
183207365
183205782
183224826
183144827
183207491
183233095
183206601
183209118
183230898
183195744
183210467
183229143
183211634
183190773
183209518
183192873
183222672
183209199
183209035
183202687
183220096
183217572
183100294
183230052
183206928
183215873
183100211
183234897
183231981
183192590
183100212
183227430
183218916
183209684
183222143
183223594
183224880
183226189
183222784
183207268
183196928
183119609
183236349
183175185
183223584
183220991
183212185
183219614
183220714
183226659
183226816
183218208
