182808445
182775710
182775515
182811218
182782920
182780742
182812586
182780746
182768902
182781319
182788107
182814130
182734444
182748819
182735372
182800635
182801647
182767761
182805048
182809346
182791408
182808632
182748880
182811605
182748881
182702761
182778990
182801619
182740889
182782850
182765138
182803555
182802480
182804022
182795102
182771098
182774882
182813338
182805391
182747823
182775170
182813055
182799264
182790810
182792798
182762250
182802875
182802476
182809364
182802754
182802599
182808477
182806177
182804074
182799730
182797756
182808934
182806172
182779424
182780813
182762364
182800140
182804585
182801550
182739803
