180137414
180065481
180125709
179382125
180123929
179931395
180117067
180137394
180123249
180120031
180124596
180143751
180144026
180126216
180143798
179967367
180134944
180142541
180125383
180142617
180131102
180105113
180152200
180138211
180124906
180120523
180143740
180118345
180143941
180148593
180145381
180133427
180121493
180133359
180132665
180134446
180021125
180024998
180154234
180136266
179963708
180131074
180022838
180125747
180170389
180022835
180155108
179956416
180153645
180158836
180157549
180157507
180141153
180133541
180140912
180152160
180162488
180131146
180133403
180131224
180150362
180153696
180163916
180150604
180144831
180119974
180145865
180168822
180130579
180150908
180142475
180165450
180167233
180159568
180164898
180179250
180165647
180150891
180144987
179995894
180178321
180173333
180022839
180145355
180171114
180152854
180144884
180155824
180166994
180127760
180056386
180132306
180162074
180133222
180133463
180157578
180168549
180161117
180133500
180175980
180171181
180174393
180131041
180175504
179921152
180171123
180172317
180153811
180178813
180151952
180160261
180142576
180165875
180161772
180167378
