183597063
183579512
183597181
183581035
183581950
183592175
183599567
183595762
183566955
183561306
183599046
183594357
183572367
183572169
183581445
183593054
183599513
183598025
183542712
183222118
183588874
183597337
183564168
183604287
183568123
183607034
183564361
183574241
183559847
183452005
183571332
183598533
183222465
183586545
183602395
183589892
183599493
183579107
183595532
183523663
183563937
183222697
183588378
183589424
183597318
183221929
183569674
183513554
183592749
183609099
183624929
183624200
183520327
183622461
183625932
183594879
183622186
183520529
183627034
183622225
183624764
183625730
183623476
183622223
183614599
183615120
183614792
183469470
183611041
183626215
183622331
183621680
183625449
183625560
183625129
183620234
183611112
183609750
183619912
183577316
183572981
183616088
183610785
183616641
183622001
183618395
183625394
183621432
183625595
183625279
183625796
183618538
183580299
183617925
183523460
183617486
183617688
183610817
183597834
183608864
183626431
183626038
