181838689
181912181
181832068
181832067
181895958
181903791
181896566
181901290
181931330
181903270
181908164
180985581
181893378
181840927
181894621
181897131
181896044
181832070
181894463
181895035
181892959
181920375
181832057
181812263
181832056
181882357
181887284
181931192
181902096
181897566
181933287
181912849
181879951
181911276
181883801
181897000
181910225
181912841
181896871
181863820
181773700
181887792
181902435
181904735
181907449
181903522
181908811
181832967
181658610
181912959
181910258
181919862
181814701
181839946
181912790
181916191
181905415
181908849
181864171
181867480
181896215
181917916
181895687
181918405
181915412
181896133
181896530
