183365777
183366603
183374709
183372847
183373978
183372547
183358865
183359535
183378475
183379960
183114970
183114972
183114955
183354524
183377924
183360008
183360028
183380357
183367557
183341243
183355081
183358595
183356175
183372859
183366617
183374534
183356375
183353103
183374896
183377734
183368671
183357428
183382445
183365500
183421388
183416074
183400645
183390658
183408907
183392717
183416599
183397768
183394333
183397765
183332210
183412207
183403082
183399686
183397563
183420917
183412286
183408305
183398491
183404369
183408928
183425704
183421230
183397938
183423393
183399859
183427693
183390720
183398449
183396303
183398388
183404210
183399890
183404135
183412252
183400639
