183638037
183643802
183604283
183648818
183653296
183617299
183619335
183654248
183612263
183634278
183654524
183637985
183647783
183647386
183648692
183607504
183609309
183563541
183617040
183647484
183645128
183626680
183608316
183631393
183643819
183655122
183627394
183508521
183653200
183489661
183590362
183631355
183646781
183654837
183597814
183632405
183567079
183642382
183575921
183512005
183645997
183607952
183628792
183638050
183644864
183663336
183639348
183643727
183662003
183661871
183673858
183653735
183654704
183675112
183649263
183648891
183648858
183667575
183646796
183621375
183685853
183680243
183656233
183684242
183649918
183657205
183670536
183674617
183674611
183646042
183676354
183676154
183662879
183665779
183655570
183573235
183672309
183676866
183673197
183675332
183598539
183666666
183645444
183664599
183658991
183631334
183662491
183657665
183647480
183657301
183651683
183654435
183657108
183657509
183666491
183675442
183648045
183677264
183667421
183540193
183655091
183605236
183678193
