180299906
180330910
180276745
180320874
180320751
180272705
180308470
180330471
180339685
180323508
180257467
180331000
180334704
180327417
180289550
180331230
180332363
180153534
180323619
180314759
180285952
180312018
180313700
180326092
180331158
180301971
180331945
180331628
180300160
180321024
180320496
180277173
180330921
180328167
180197451
180303684
180308534
180309941
180334120
180311341
180278332
180334002
180335172
180331098
180226056
180312678
180339811
180273163
180339459
180328438
180347470
180331706
180347039
180340420
180307139
180339963
180337101
180124159
180252894
180335789
180333488
180292172
180292198
180329758
180331559
179967717
180159557
180347227
180328221
180342352
180352150
180347566
180343589
180340336
180342316
180320901
179948734
180292162
180222795
180303906
180312908
180302543
180349038
180344221
180342161
180352583
180352384
180334890
180342526
180312144
180339543
180355151
180358861
180167062
180355452
180170629
180144483
180305626
180354934
180348334
180292168
180330822
180324144
180353904
180343663
180352470
180344651
180303682
180151156
180331819
180177441
180348339
180355183
180151038
180357445
180334922
180292182
180330121
180354411
180351789
180339932
180334203
