181645561
181666941
181664727
181630580
181651086
181657383
181659129
181675529
181639353
181662014
181662058
181632717
181658051
181647551
181642466
181649899
181647435
181633126
181637922
181650360
181596356
181647360
181596358
181630019
181656108
181573691
181659076
181644019
181631891
181630361
181170510
181650372
181639214
181591472
181632066
181562238
181656910
181638368
181596361
181619860
181641231
181600528
181638165
181654070
181642521
181621242
181640221
181662115
181656520
181656288
181266062
181642407
181659090
181676902
181644199
181692554
181690178
181684809
181701531
181593337
181665432
181680521
181659623
181700807
181684565
181661338
181659366
181609801
181653106
181679799
181502681
181688041
181685491
181686042
181631408
181695078
179765188
181692341
181664698
181653081
181700716
181603134
181685535
181681621
181702738
181682554
181679100
181656760
181657971
181641935
181696909
181638850
181678434
181585925
