179470782
179203490
179553696
179555974
179565635
179498818
179556924
179566992
179569588
179567448
179557194
179502589
179577047
179559449
179581854
179018905
179507064
179567393
179563120
179325396
179565241
179569415
179570124
179569614
179569559
179548875
179578109
179570262
179573273
179572484
179572462
179471199
179582499
179584832
179584912
179554627
179607247
179565257
179589347
179596700
179302710
179592348
179585680
179371152
179570799
179306858
179579208
179593073
179031330
179578486
179562737
179419585
179596516
179595842
179588221
179522146
179351371
179577218
179481834
179445810
179099797
179571872
179590698
179423089
179614894
179617488
179496252
179610330
179365560
179590758
179620232
179431279
179501715
179626356
179538073
179624851
179621484
179621461
179593659
179616818
179619721
179371019
179596688
179616119
179496201
179584646
179368700
179613179
179496246
179586307
179608562
179623715
179604238
179604751
179614928
179496085
179614947
179487533
