182701405
182709905
182688648
182702211
182711101
182734485
182734663
182739314
182739211
182738266
182699219
182732445
182736605
182716631
182732146
182735216
182736724
182688451
182721067
182724277
182724278
182505223
182505224
182505226
182505227
182500505
182738877
182732172
182734576
182710284
182734495
182717079
182711559
182715851
182746158
182687095
182749466
182743320
182740132
182743589
182738174
182735360
182734370
182739480
182742337
182720465
182734584
182738289
182678877
182764651
182733634
182732302
182711688
182752779
182720395
182717140
182740082
182752104
182748221
182749112
182749597
182751230
182758393
182761810
182737620
182738776
182754386
182760385
182733862
182734639
182748050
182738615
