179719297
179729858
179747045
179734723
179736788
179711258
179756593
179652430
179741949
179726340
179768503
179728488
179631777
179728842
179723675
179727946
179729607
179725767
179739150
179719085
179669414
179749792
179713940
179360524
179731042
179678759
179754661
179755794
179755078
179744305
179747613
179747863
179559999
179716160
179622319
179747982
179724900
179762582
179756975
179736327
179722329
179744798
179632966
179675618
179722354
179745653
179765362
179725181
179775535
179747323
179767311
179770848
179755769
179760681
179778147
179725098
179765553
179775495
179771371
179768523
179747605
179766767
179776184
179742084
179775545
179742166
179774653
179773685
179768951
179768310
179756843
179778436
179778019
179770776
179777603
179773525
179759434
179761567
179742409
179759873
179756169
179778551
179760891
179769009
179773062
179767523
179762632
179725520
