182340781
182285725
182312472
182336486
182332319
181908912
182310059
182269674
182305330
182277901
182269558
182119008
182269559
182243202
182313409
182174301
182302913
182102361
182310206
182185561
182323679
182269582
182344119
182318553
182319764
182345851
182319365
182264008
182364256
182302926
182336145
182205033
182312650
182139918
182312336
182294224
182317909
182290092
182268007
182328638
182303657
182306845
182320038
181760638
182315311
182313172
182342590
182288581
182329750
182251529
182365860
182181938
182362371
182372819
182371367
182368651
181862499
182344045
182368137
182336688
182384164
182381259
182273846
182331486
182252424
182340268
182320377
182381319
182285854
182179822
181706438
182368586
182266978
182346991
182331517
182372722
182362160
182368160
182344191
182376266
182338916
182379899
182356399
182339909
182305922
182347721
182345529
182306556
182367523
182368178
182360076
182387499
182367981
182368258
182382166
182373126
182372953
182371923
182358525
182382961
182385778
182385698
182382982
182387712
182317093
182385917
182364714
182368325
182368789
182340893
182352959
182389940
182391002
181810988
182375513
182385267
182374701
182361958
182375258
