180673144
180673321
180146967
180620411
180683609
180683509
180636184
180553324
180638438
180683402
180700549
180683205
180603186
180667711
180667893
180610422
180689027
180684472
180645480
180645764
180299857
180660514
180495826
180083811
180675275
180697321
180683870
180528832
180205858
180685490
180672823
180687195
180646084
180706376
180691071
180709464
180718717
180625343
180645933
180710970
180715793
180723966
180684259
180642829
180713371
180666542
180680013
180672833
180688078
180713978
180710368
180672781
180708000
180704280
180712265
180689718
180716945
180718842
180678581
180714963
180646519
180645628
180661069
180720168
180636541
180684147
180690835
180718333
180716013
180700551
180722760
180594369
180689894
180685550
