181513840
181511981
181480871
181517728
181496466
181532300
181513846
181511962
181518457
181516535
181511664
181548560
181525560
181515053
181510042
181504261
181510745
181518003
181501848
181517157
181314806
181535346
181511214
181510301
181498211
181472165
181493266
181511655
181435272
181508959
181502852
181468434
181200035
181515280
181515182
181497228
181462014
181501207
181547722
181523517
181522026
181415607
181500253
181522465
181566358
181315090
181570435
181571920
181497238
181562471
181521262
181548644
181507775
181569942
181544169
181559591
181547958
181561724
181538677
181454873
181537883
181534992
181562049
181539688
181535268
181562200
181570820
181497247
181497246
181537249
181533306
181573379
181571774
181497229
181519441
181519021
181443234
181545447
181539594
181566809
181562106
181540632
181569618
181541820
