183685520
183668628
183644517
183684312
183687464
183685384
183655099
183691146
183674628
183706980
183625713
183707656
183685809
183706920
183682116
183683105
183684314
183687679
183337930
183688300
183652374
183675507
183683293
183705250
183707104
183667382
183678457
183617670
183668597
183680389
183686969
183551933
183716790
183717182
183684253
183701412
183721085
183695965
183590193
183710807
183711638
183710769
183707165
183645145
183710486
183621293
183692175
183712345
183672261
183646252
183696894
183708506
183717412
183666445
183648712
183710140
183711372
183656592
183719512
183719832
183652493
183726765
183707491
183706581
183646187
183708435
183675664
183732488
183732447
183710377
183708437
183715565
183713580
