180648981
180716759
180708550
180729177
180648028
180744173
180735157
180713264
180735655
180711267
180744322
180720870
180742586
180743432
180718641
180720110
180723869
180746267
180636834
180746849
180743732
180723223
180703790
180708004
180701272
180728150
180701592
180743629
180711959
180590924
180718702
180746898
180742891
180659965
180735230
180205934
180723155
180708118
180712438
180734566
180757447
180713641
180646447
180737555
180752657
180743532
180772378
180747795
180684514
180747452
180636812
180747419
180746901
180746902
180575454
180769727
180743414
180420809
180589114
180764969
180757578
180755375
178248580
180751258
180712021
180772848
180747150
180748380
180613687
180772447
180743562
180743201
180763076
180764743
180656217
180768903
