180591588
180590699
180588197
180490969
180576726
180588492
180586435
180590838
180585866
180576684
180591081
180533033
156784271
180593444
180557225
180600373
180591416
180591217
180560290
180601021
180602197
180591538
180478732
180587899
180554903
180607307
180584144
180583595
180556744
180591292
161616968
180607276
180590380
180591197
180591196
180574573
180591249
180645176
180572844
180350262
180624970
180562843
180608302
180566641
180607613
180636132
180632695
180613750
180578727
180630212
180633489
180610004
180630755
180588640
180628863
180589132
180614042
180589659
180635680
180620505
180636492
180610990
180527621
180556669
180619325
180630487
180596169
180602063
180577524
180643198
180652643
180620556
180638221
180656291
180652041
180643438
180614788
180613672
180576084
180648490
180564967
180611812
180633566
180575359
180585190
180649885
180646571
180646274
180647289
180517641
180548309
180651664
180646678
180606480
180613006
180576198
180632002
180651608
180575801
180649391
180606727
180630816
180647655
180652984
180612292
180660724
180605458
180410154
180642768
180657891
180613336
180250256
180620917
180636257
180610340
180657931
180597206
180608392
180576048
180582081
180158962
180646653
180638154
180655342
180654198
180479826
180649808
180607669
180655392
180657463
180641359
180623619
180613880
180641211
180469659
180638706
180610754
