182286118
182263911
182259479
182107900
182239504
181831335
182245626
182242479
182073741
182275345
182251075
182235380
182239481
182251317
182248433
182270991
182012832
182268203
182242574
182247746
182270931
182192913
182251114
182134981
181917885
182247680
182234200
182286828
182290463
182250270
182274624
182246983
182204517
182222431
182228357
182100909
182193639
182288687
182264155
182258814
182287313
182179522
182084995
182235859
182290873
182258660
182298885
182291364
182277145
182274954
182271202
182291482
182297915
182302664
182287222
182318721
182310284
182291897
182311298
182274486
182286905
182288809
182303440
182273439
182313637
182307046
182307167
182137843
182297826
182270885
182173623
182300975
182293706
182300904
182292715
182284778
182298263
182297899
182248356
182309759
182307257
182308508
182302801
182306649
182289623
182179138
182302618
182277170
182287978
182268794
182251960
182306539
182309600
182302896
