153744186
179806763
179796650
179798499
179798576
179798531
179773396
179815812
179797401
179812403
179773276
179809352
179778501
179809378
179777658
179776987
179789262
179774626
179756691
179778025
179778663
179782375
179728742
179812286
179782778
179798294
179809966
179796166
179765220
179800233
179718516
179805681
179750126
179778936
179774933
179756341
179649069
179752184
179763288
179818450
179815980
179796677
179561958
179561716
179066779
179795208
179561375
179823780
179827423
179823524
179820558
179797220
179798375
179833360
179834553
179795575
179755717
179798446
179812579
179796785
179561469
179840007
179561620
179827378
179802293
179828323
179794947
179806099
179820525
179809071
179820608
179833076
179815661
