182039056
182044789
182023204
182000863
182013388
182033593
182038048
182033259
182032621
181976142
182032524
182027204
182047299
181760343
181894288
182041332
182018501
182039585
181971444
182042095
181965663
182013554
182019097
181944866
182033585
182033045
182034896
182032473
181963946
182039941
182028386
181963947
182029971
181979486
181845243
182018171
182028623
181951311
182033807
181973928
181939825
182023475
182038463
182040380
182040480
181863862
182038941
182015701
182054528
181963931
182073287
181970580
182074712
181963932
182038146
182031551
182033553
182033399
182076196
182029087
182065745
181845359
181937138
182045949
181965823
181960311
181968857
181864387
182015435
182071994
182033023
182033520
182058744
182029432
182057443
182075299
182030713
182032518
181839310
182043403
182045840
