180462911
180160038
180434885
180448170
180397573
180448292
180455724
180452473
180455301
180156893
180452035
180425107
180426832
180392808
180427202
180357357
180311656
180445799
180427022
180422210
180462512
180409599
180432574
180434137
180461733
180347162
180237877
180434692
180348118
180436376
180436673
180454664
180430419
180167612
180331212
180447245
180399808
180106095
180455285
180441859
180476482
180458615
180449537
180456718
180464098
180435260
180128359
180466678
180466317
180405750
180405332
180464655
180449513
180466909
180461359
180427263
180056899
180456603
180464091
180455213
180472532
180473742
180466286
180465495
180473824
180462261
180469672
180426328
180394799
180406510
180441025
180465851
180406210
