179421055
179403642
179369544
179384301
179409002
179312335
179401143
179400290
179402271
179405361
179371017
179390810
179406055
179354337
179383140
179334055
179390178
179393103
179382574
179400526
179397270
179287572
179419323
179383326
179381546
179382901
179379700
179398028
179166112
179401792
179371762
179403013
179364014
179318656
179318777
179425477
179424740
179368358
179428509
179356272
179366156
179429559
179408417
179400616
179363546
179405062
179414725
179399007
179416008
179407523
179402871
179409263
179401156
179421522
179400289
179402049
179402204
179432333
179431682
179432054
179417507
179428591
179136803
179405511
179356289
179400263
179429914
179419076
179447464
179366310
179157900
179300448
179439009
179378588
179287083
179378980
179409305
179402397
179406773
179426086
179444186
179401876
179425601
179439030
179445492
179439171
179292668
179439032
179443709
179431882
179438445
179430092
179447912
179398920
179397336
179372553
179358446
179443436
179438928
179444468
179315930
