179254100
179283767
179285329
179235501
179199429
179235761
179253673
179253458
179262089
179255876
179045950
179286151
179257958
179241592
179264351
179241312
179243833
179253582
179089786
179252130
179152004
179285550
179250774
179234406
179259506
179241086
179249866
179246992
179143334
179224443
179056322
179142040
179285823
179301718
179289409
179285386
179252669
179302058
179272314
179056017
179302157
179296247
179272658
179291972
179213394
179302338
179270652
179241797
179271082
179243933
179202094
179271091
179157736
179292349
179292354
179076253
179297528
179295344
179292336
179292018
179272302
179037129
179279094
