182131658
182178921
182176666
182178029
182151244
182160538
182178948
182150337
182142133
182181599
182161130
182163232
182163871
182151729
182034343
182034344
182162045
182157382
182142730
182042647
182158279
182157387
182179711
182158278
182151264
182182617
182179726
182151855
182153955
182182115
182151835
182166477
182149994
182105790
182034338
182034339
182161565
182169929
182146845
181977665
182176052
182176353
182159772
182158243
182158960
182179787
182182628
182180801
182199247
181829378
182182006
182094745
182036962
182186423
182201019
182180283
182200848
182187231
182193309
182192013
182189193
182193326
182190376
182197764
182195168
182195103
182190992
182194852
182182839
182199651
182194043
182192240
182187962
182189502
182108173
182006411
182167668
182187980
182185583
182190428
182195479
