180838111
180841688
180842337
180819938
180845949
180822422
180863715
180846310
180846353
180860365
180862347
180767145
180848385
180856439
180846220
180798468
180850679
180877876
180873609
180836041
180862293
180822138
180824411
180826433
180824780
180742156
180552520
180837706
180844251
180848031
180859415
180878514
180877942
180772181
180890356
180888631
180889066
180882333
180826901
180878590
180890270
180882651
180881665
180883347
180884777
180853720
180880713
180826890
180668901
180878948
180877856
180830341
180878449
180888082
180862132
180888941
180849636
180826872
180877885
180878236
180861307
180878452
180893397
180874778
180856567
