181883057
181762906
181812014
181841778
181841653
181864133
181864891
181835538
181811329
181841770
181810997
181829648
181827866
181795559
181747503
181808306
181852387
181783446
178044470
181855097
181833187
181845609
181863855
181818929
181805032
181696881
181816103
181883448
181658092
181814207
181811613
181717549
181838089
181808138
181833297
181837139
181829192
181882301
181407496
181861561
181813449
181783384
181819550
181828137
181845555
181811270
181813293
181654576
181839043
181831384
181836833
181838455
181834812
181811831
181813613
181850612
181797925
181846755
181878322
181840526
181833671
181838604
181808599
181809960
181834488
181814638
181813825
181810953
181811008
181871783
181817474
181873282
181845415
181883418
181858184
181834115
178396462
181797700
181773557
181810964
181811939
181853266
181837197
181839652
181741391
181883672
181841713
181811068
181830822
181785242
181793117
181826553
181880206
181773308
181863829
181865856
181814501
181885723
181835026
181802383
181861374
181829044
181810821
181791347
181783294
