182102452
182082283
182016655
182088381
181870132
182078893
182079269
182032625
182032624
182082001
182079221
182032629
181950657
182100915
182085116
182061423
182132184
181560557
182095545
182103337
182062082
182105713
182060580
182103211
181925905
182106364
182109632
182072641
182079834
182076087
182119879
182062769
182105280
182098694
182101836
182106317
182104579
182094167
182023848
182088400
182088683
181973795
182098326
182103880
182059841
181988814
182097832
182075801
182079241
182083990
181952578
182080920
182107958
182098916
182107876
181883269
182102103
181771796
182095808
182129564
182109177
182073874
182012089
182115456
182032631
