181130790
181388075
181161410
181389046
181389321
181409617
181411180
181382894
181158092
181411054
181384915
181355984
181395522
181372930
181263376
181375601
181371449
181426603
179020341
181292279
181250064
181251032
181415094
181384820
181417826
181383738
181214929
181398546
181388171
181388172
181416370
181406923
181363472
181271202
181195338
181248740
181166123
181393354
181390483
181347976
180991225
181388686
181404936
181252621
181386549
181377164
181165005
181031245
181392868
181393439
181393513
181359154
181355038
181395776
181426330
181215666
181429102
181433865
181427660
181406781
181430353
181409553
181440930
180827634
181412092
181430090
181438185
181440318
181278649
181446139
181412483
181438998
181335250
181408451
181396057
181414627
181436956
181240342
181415516
181440808
181395695
181409368
181290131
181407709
181429659
181373729
181416240
181232138
181440947
181297265
181444941
181436384
181411064
181446542
181412757
181435734
181431418
181429240
181448042
