180110011
180113003
180105005
179958771
180105925
180083105
180101512
180100884
180104818
180100885
180088550
180094444
180088790
180103010
180093413
180110579
180036992
180105895
180106248
180046931
180076281
180106505
180104889
180097929
180086386
180101942
180104729
180102315
180086284
180089058
180100174
180107088
179962137
180117769
179963986
180112773
180109308
180105325
180117320
180116693
180104834
180103646
180020934
180124274
180111995
180103092
180106540
180105175
180114426
180111457
180105177
180098271
180117692
180116162
180068846
180123210
180118543
180119755
180102277
180101162
180120085
180111978
