183166330
183177745
183172651
183155831
183164193
183158149
183127001
183104166
183165920
183108649
183173780
183177064
183155390
183161207
183103923
183147027
183147584
183147381
183158118
183161192
183039231
183171635
183025562
183158233
183140911
183164665
183164784
183143348
183165039
183109903
183160624
183172117
183112098
183153912
183147391
183115326
182908546
183157797
183067111
183108548
183067113
183067114
183126017
183161306
183147004
183125115
183126528
183112168
183139599
183166863
183175176
183107469
183161416
183166294
183104605
183174732
183172832
183172377
183189334
183186348
183186722
183157210
183187775
183184800
183112517
183162056
183189315
183101175
183149439
183168024
183173019
183193465
183176027
183179657
183113176
183186051
183184471
183175715
183166609
183180531
183163113
183176860
183180313
183175132
183161835
183165437
