181240127
181172351
181256272
181181660
181104989
181275626
181212495
181274699
181247594
181250696
181145247
181263009
181203013
181075051
181202441
181201350
181127250
181240517
181106738
181260180
181237989
181256249
180580585
181252441
181063700
181275990
181066339
181238281
181277053
181265111
181184560
181247422
181265874
181263587
181239953
181236483
181237493
181240107
181210016
181235875
181184959
181228338
181269760
181196865
181263905
181213924
181177900
181240021
181240263
181267267
181250839
181249238
181227881
181245949
181169290
181241622
181216804
181235427
181218022
181250089
181225752
181169526
181268442
181213417
181275291
180760365
181241663
181248777
180814441
