182560725
182530357
182386269
182559175
182544959
181659489
182359874
182529318
182557838
182528106
156784271
182531607
182528025
182560683
182512409
182561694
182507541
182421780
182528084
182533135
182473020
182514478
182566793
182501850
161616968
182493378
182565786
182567403
182560453
182560014
182527463
182530905
181972943
182531029
182421776
182572250
182462318
182514089
182421775
182525818
182421778
182546835
182561471
182542279
182453325
182531454
182157819
182570501
182566856
182560553
182567268
182452933
182559635
182300702
182495540
182513337
182586816
182577382
182534899
182585928
182572371
182571166
179772965
182573329
182562001
182568329
182567778
182567896
182568149
182133232
182584530
182560365
182043772
182560022
182547265
182581322
182567059
182569830
182560458
182541839
182585119
182565604
182460804
182575331
182574341
182571333
182571630
182568574
182569486
182526536
182041427
182562132
182562631
182547870
182564872
