179142391
179178129
179169371
179230696
179176325
179210966
179149328
179234650
179235464
179068011
179212102
179156411
179211730
179195882
179193937
179201574
179204201
179149384
179220699
179202049
179233059
179207541
179203182
179235435
179210813
179210714
179233871
179210593
179083462
179210871
179203180
179217968
179063178
179189615
179191623
179219581
179189550
179204751
179222469
179204358
179205594
179063646
179219418
179249353
179238359
179243332
179245675
179031538
179238332
179138634
179242346
179242807
179235832
179176313
179235512
179250030
179123027
179237674
179238326
179223292
179234923
179166715
179076751
179245447
179131310
179190514
179241744
179243507
179144067
179243567
179171937
179243449
