179685277
179651719
179703965
179712286
179676441
179651863
179674721
179679018
179673259
179674448
179706911
179436939
179681397
179701641
179685066
179674907
179707716
179606481
179690454
179431447
179713880
179656165
179699350
179657034
179678036
179664207
179652962
179668060
179677765
179712118
179684809
179676454
179679605
179675528
179676957
179674812
179651557
179709536
179654902
179717393
179719871
179718965
179647952
179701926
179718565
179714268
179718864
179718528
179720727
179713616
179723096
179669444
179727794
179681152
179700058
179721278
179645749
179721001
179725307
179718574
179431424
179657057
179714137
179713965
179431383
179699698
179713703
179707239
179720656
179722897
179723662
179723422
