179856666
179845092
179875143
179614252
179849178
179865578
179867976
179869842
179864385
179843037
179848449
179871228
179867671
179844749
179858660
179875862
179873127
179870311
179857951
179721321
179888904
179854096
179887313
179864933
179840147
179860159
179845442
179845047
179849006
179853708
179847848
179870407
179811784
179850258
179838028
179859661
179850578
179859222
179853821
179829740
179883588
179656592
179844305
179845513
179867252
179902063
179896149
179875840
179884505
179869118
179887299
179873012
179893568
179615104
179870095
179847790
179893292
179824354
179894943
179649556
179902364
179875705
179905677
179891030
179903052
179859210
179895950
179898702
179905790
179906040
179858536
179874287
179809604
179827899
179884126
179803261
179905947
179674453
179902796
179869935
179902754
179844458
179844659
179867164
179823338
179905543
179781876
