181003527
181025039
181010819
181026285
181030244
181004133
180989367
180706528
181004873
181006676
180993065
181028758
180970124
181022397
180991686
181031568
181028870
181010700
181031668
180977257
181005272
181029063
181033165
181033482
181013895
181021926
181006363
181004264
180991748
181008524
181023967
181005316
181006306
181022465
181051922
180993050
180993052
181024661
181025277
181055128
181069050
181066882
181026160
181044094
181051180
181058892
181029276
181026705
181062629
181072240
181053019
181074796
181028675
181065982
181061469
181062635
181033489
181029100
181063424
180819175
181000585
181070052
180763337
181028839
181000841
